# Created by Octave 4.2.1, Sat Sep 02 18:49:26 2017 CST <hzshang@hzshangdeMacBook-Pro.local>
# name: dat
# type: matrix
# rows: 500
# columns: 3
 0.7411917852212997 -1.032612044337545 0
 -1.130738454597522 0.5894745135133355 0
 -1.150989152285187 -0.2543821637921784 0
 -1.920049272487722 0.7301016183327387 0
 -0.9301808291030784 1.746483599590727 0
 -1.787158541540551 0.2117086691693535 0
 0.8579577354758676 1.356222314475703 0
 0.4973933491543789 0.4827455864020624 1
 0.7638633351536273 -0.387212913623882 0
 -0.1351209781466503 0.07794062869610752 1
 1.294211935676975 -1.031156563806325 0
 1.198925823428231 1.372905630358939 0
 1.755922914431003 0.5300117102055553 0
 1.224031034656378 0.3719106441265398 0
 -1.869338541906226 -0.3269466532907546 0
 -1.790587108567709 1.36625788057735 0
 -1.37416743268416 0.1946214716321104 0
 0.8306191387450048 -1.312171634729345 0
 -0.3684112682755292 -1.71201120888572 0
 -0.6998184969218639 0.8708720720186878 0
 -1.528925214903596 -1.341675065016117 0
 -1.762645599175336 0.9093698953603822 0
 1.840107789072317 -1.605083410702745 0
 -0.5162163113619378 0.6268875895238346 1
 1.01717792378262 0.862730653029435 1
 1.67630214360263 0.1521220603913092 0
 0.9045268485196809 -0.5437746436753013 0
 -1.269451170971138 0.7762633869084921 0
 0.2194707574613015 1.983102622292657 0
 -1.205106150743179 -0.1184936595367378 0
 -0.8065004037457493 0.7908523273685564 0
 0.1519196930798463 1.545249901961971 0
 0.1048096038959376 0.2126880076701081 1
 1.799473982377324 1.242542716089452 0
 -1.527022563844812 1.093747456002077 0
 0.8988091188413003 -0.3614617346675646 0
 -1.812518480707549 -1.080036892938066 0
 -0.01112620375725792 0.7181892535873171 1
 1.067606836316017 1.130437423178263 0
 -0.1510252983077531 0.9334306219682249 0
 1.838366872329821 1.807417061774472 0
 -0.7101685009698062 -0.8078355565388911 1
 1.460963392157033 0.0105339573400971 0
 -1.483507532088171 -0.1355674294664115 0
 0.4719399156495929 -1.59437953368444 0
 -1.02235894405527 1.622345063389332 0
 -1.652721587740328 -0.82341707882024 0
 -1.139297952056865 1.484755797312621 0
 0.8802716138660949 -0.6190636451332285 0
 -1.99922279918835 1.861154359006972 0
 0.05501340919882614 0.4020880469417634 1
 1.771452857287924 -0.1816091160823261 0
 -0.3279782907163147 -0.02530146970125347 1
 1.782359783892438 0.1596649079418246 0
 1.390535072606299 -1.264909257319504 0
 0.5504645902916723 1.35368167902128 0
 1.462772611689719 1.058755741312185 0
 1.424610068193772 -1.559875166849905 0
 1.892520067033227 0.6347860965819332 0
 -1.755024212227519 -1.29744170844423 0
 -1.376223075774557 -1.172771795801544 0
 -1.170739364823527 1.995981035038067 0
 1.137414774609756 1.854261834596061 0
 1.559898641139384 0.3956401106474705 0
 0.4623625103757396 0.7285435327566101 1
 0.4173800378682699 1.077984136486006 1
 -1.895747757335982 -1.296852894523864 0
 1.963632670278427 -1.99311576213031 0
 -1.285282992566907 0.03147676851539538 0
 -1.966835459092965 -1.962824794012438 0
 -0.9060704616293516 -0.5293956421925825 1
 -1.682194288118591 1.9979153069539 0
 1.148786091100788 0.8912808666329299 0
 1.255710481573241 1.013239707007129 0
 1.799178702764633 0.8402168365331057 0
 1.745151256127571 -1.190304252863632 0
 -0.8200547640142897 1.313197809435581 0
 0.1523950473861135 0.7160749434262259 1
 0.245468349502401 -1.41967316606745 0
 1.813435265243317 -1.449984199531687 0
 -1.509930440092061 0.3596782724930301 0
 0.5225793611476779 0.9911595864171656 1
 -1.33083676758494 -0.285845918491096 0
 -1.616215526672342 1.60277338325996 0
 0.9562816179281737 1.190032272712509 0
 0.330809556209084 0.560848642644538 1
 -0.05750122548048275 1.708762970058664 0
 -0.256957439062959 -0.7064106760208324 1
 -0.55166620724224 0.9932833717503353 0
 1.032822454523389 1.822714544449501 0
 0.1953437126761872 0.9397567647084331 1
 1.857176955686628 -1.971920440578581 0
 1.309766599859103 -1.082195742365107 0
 -1.938144894702451 1.779698203504675 0
 -1.857489646765463 1.328982855513146 0
 -0.06924126195701263 1.363680101012749 0
 1.066479842805589 -0.6444210894380025 0
 0.04981496500543647 -0.4802638288286494 1
 1.328037490201168 1.838235584174658 0
 -0.2404333954303375 -0.7200779159531845 1
 0.3419878105408092 0.6315370224995118 1
 -1.224784715559134 -1.649626417308753 0
 0.3056892685103545 0.302730942651535 1
 -0.4016927990477839 0.06843297982716656 1
 -1.674775977464618 -1.771568476032458 0
 0.05323420314675209 -0.2140352437996851 1
 1.385816906085006 -0.2082718418237259 0
 1.168921866747938 0.1841173491938539 0
 -0.3635296290371686 0.6528608584659317 1
 0.82347300910717 0.8161355681443285 1
 0.2102380248108413 -0.9185268102930897 0
 1.901330794409532 1.979039778338636 0
 -0.2353141758309161 0.4613347808963919 1
 -0.01997340994242758 -0.4357746891304017 1
 0.2488105400255782 0.2545857198640138 1
 0.4173412071834548 1.813161852123452 0
 0.3796458070524151 1.007919346572902 1
 -0.6583926978745038 -0.4367091985832479 1
 -1.066292175820602 1.377730053041442 0
 1.324240276788767 1.236075086590616 0
 1.74706522888427 -0.4408922675258247 0
 1.692241923498125 -1.279835271632448 0
 -0.6388654514210714 -1.802764043327314 0
 -0.7907508627874142 0.5476386768240236 0
 1.85715606479705 0.7864773678327088 0
 0.6947226965444049 0.931346174811766 1
 -1.978466216429276 -0.7597520628771399 0
 1.905873788822442 -0.5459281284273645 0
 -1.792397629250792 1.536912755270138 0
 -1.077258744409516 -1.305485691298687 0
 -1.489449942604555 -0.965474627192483 0
 -0.3019403068196926 1.758496115446545 0
 1.067484014547041 0.1177266874873091 0
 1.012571988897446 -0.4646772336685576 0
 -1.573533111960363 -1.7967164072547 0
 0.5910457357230712 -0.9026397914820874 0
 -1.195845937569383 -1.002704530414414 0
 0.01030773786518502 -0.239330017892416 1
 0.2060306380328671 1.586131998365423 0
 -1.981579655925729 0.7083902073608761 0
 -0.1250668018708418 0.8255876335654899 1
 -0.5798370983897467 -0.2911204760359951 1
 0.9196292608229339 0.7088211744908377 1
 1.800718235098221 -0.5395159445469331 0
 -1.663690081879801 0.4399242236804088 0
 -0.2453730974403217 -1.856782309819663 0
 -1.048219369783715 0.1749412621562754 0
 -1.419222966738834 0.5965470825059085 0
 1.186485995418828 0.6375795674115978 0
 -0.7216760398698987 -1.666979458267748 0
 1.601298040603039 0.8680383914210856 0
 -0.5823710040365684 0.4635690302924327 1
 1.140631731821604 -1.993013485279976 0
 -0.7164213524247465 -1.322897514383308 0
 -1.909111489687439 -0.4171970517663237 0
 -0.5055640377299346 1.608730417902385 0
 -0.2637869424096289 1.566759984720412 0
 0.4716977059184968 -1.052326099278626 0
 1.978936323811217 -1.281854500656229 0
 -0.9641369563369737 0.6050264690557419 0
 -0.4012581541594507 0.2059794787343785 1
 0.244763383381728 -0.8051454305118269 1
 -0.5639897675969239 -0.8716752786582569 1
 -1.032536131511495 -0.1092101480810739 1
 -0.6265698063539842 0.8815684864767879 0
 1.065994447575071 0.2133963307619173 1
 -1.80306330007849 1.782671143449805 0
 -1.480352275043127 0.2315292309640267 0
 -0.020621705108123 -1.285153379134796 0
 -0.3630347413468724 0.1784351689055983 1
 -1.660890665468537 1.046030247529349 0
 -0.5583827582396619 0.7570218940611317 0
 1.015474645178164 1.349404410452339 0
 1.869249539046733 0.8504595647361883 0
 -1.674496086464001 1.087604340693648 0
 1.304366664967403 -0.1414496048789358 0
 -1.897351653415206 -0.9579424556262139 0
 0.3331873793488045 -0.597156100856995 1
 -0.1257680666759511 -1.086495244219538 0
 -1.014537017930165 0.4914449763275091 0
 1.963664468899826 1.474620015319929 0
 -0.0786515187588559 0.5568163739272274 1
 0.8540098469119948 0.302861282795615 1
 1.150901060058968 0.3584108255670597 0
 0.8290896909284933 -1.702197053275869 0
 -0.7366627664005987 0.7890943110958752 0
 -1.14049534115445 1.479202227407064 0
 1.866338674259843 -1.575836635436811 0
 -1.487737256206513 -0.1363067826010844 0
 1.985142047533491 0.654223298825332 0
 -0.6877964957807963 -0.9390189111025482 1
 -0.87836774083794 -0.859983793568152 1
