# Created by Octave 4.2.1, Thu Aug 31 18:33:34 2017 CST <hzshang@hzshangdeMacBook-Pro.local>
# name: dat
# type: matrix
# rows: 500
# columns: 3
 21.53439137168111 463.7300117487338 5769.824292281319
 33.49323142086116 1121.796551011362 15284.08716946187
 36.16514365278201 1307.917615426359 20483.82878396011
 3.362137146113957 11.3039661892793 -2676.675164832318
 84.83340764420366 7196.707052527632 108412.2559698258
 31.32456331771366 981.2282670454525 18621.76653428981
 97.2416497795091 9455.938451840702 139460.8558207571
 90.97743241591995 8276.893208993282 121074.9222379687
 0.3563053444711684 0.1269534984987179 -4575.547929709904
 54.85576294959659 3009.154728782334 41513.4621899893
 82.262474033141 6767.114634053198 101310.0506903326
 25.26163039890247 638.1499704107534 10611.51241733104
 7.333800243253578 53.78462600794624 2098.250490266451
 88.41706105151553 7817.576684987424 113582.0277584397
 72.09140797767739 5197.171104203928 74152.88027658679
 84.71839516332633 7177.206479049515 102836.1162054803
 47.49633192403581 2255.901546238184 29478.57184420592
 18.05492231616763 325.9802198428478 5790.265599030139
 21.09800819555145 445.125949819556 9150.479034503664
 54.45433182222549 2965.27425420504 39877.05492998478
 80.46521474271539 6474.650783591302 99625.89040256858
 78.77571272689478 6205.612915630252 88052.29378195705
 20.96527870325093 439.5429111049869 1027.047645181888
 27.11794540374117 735.3829629202867 6019.931783832219
 87.55081319329257 7665.144890806812 111033.5583021804
 12.706097780651 161.4449208114643 5293.863370449485
 28.43130156366304 808.3389086039485 12563.25744297537
 72.30079631002361 5227.405147063524 77666.54451493225
 64.75099616672746 4192.691504583554 64962.31183276747
 64.50425289464724 4160.798641496606 57804.81651790831
 49.53742593034068 2453.956567803989 34210.23292867371
 57.3188661011261 3285.452411118823 48817.8418444731
 69.91678654906684 4888.357041347774 68642.21635252507
 10.63244150821435 113.0488124255993 4526.740125357229
 61.11631159060962 3735.203542440484 57063.30828703321
 66.90215493059813 4475.898334357756 64462.62972567431
 54.96253199652441 3020.87992346897 45970.54649139781
 98.44986441449485 9692.37580323242 145950.6185648299
 70.73724841435406 5003.758313234035 68509.51378968303
 14.51585192814612 210.7099571998635 7708.136175701758
 81.83526084799111 6697.009918058747 94304.45367658802
 29.0826030925708 845.7978026400084 12479.21158897541
 19.08147676318823 364.1027554640923 6340.849971684381
 82.19386492013172 6755.831430508859 103401.2956348599
 36.79695746872817 1354.01607895539 23057.40806410329
 87.03011718405376 7574.241297070131 111313.2017937742
 93.32036268205425 8708.690091110144 123437.297542539
 30.03237724615598 901.9436830554273 12662.05275040526
 58.32059215747499 3401.291469598533 53061.69318407716
 36.68184758090305 1345.557941948603 22410.46039447039
 43.74822151243426 1913.906885501015 24457.66482696176
 20.33236498167544 413.4050657480617 6130.715949776778
 8.081852420896734 65.3163385531544 -1727.083203236705
 34.43176023263435 1185.54611271762 16254.58808478759
 35.05416664304018 1228.794599038031 20350.93301271393
 40.52097620881693 1641.949512915508 26502.26226776692
 18.82811367551723 354.4978645781988 5612.861360710864
 74.46387098293287 5544.868081762873 79943.18210035708
 41.22667154532865 1699.638446706411 26743.97367809097
 25.0159378520253 625.7971466163922 8754.469291438429
 56.03157251146285 3139.53711810732 40804.15900551109
 78.61101421464035 6179.691555854387 92924.42619498956
 59.44357092405532 3533.538124203195 51503.00287639265
 67.8780368019595 4607.427880088168 71777.50340342017
 29.81603316101432 888.9958334587054 11208.23629817924
 18.69515414725813 349.5087885897427 8632.939842450225
 56.27491862128088 3166.866465831785 50809.62950561517
 47.08367767999152 2216.872703873332 36823.95906744257
 62.10363537362974 3856.861526620755 58552.52872554746
 77.05311907999646 5937.183159956115 81915.88513942578
 88.28420181645438 7794.100290368448 117092.8903454632
 72.4903125284664 5254.845410474733 74750.74094832277
 78.9377068143157 6231.161557102864 91800.26370635322
 34.26480260525511 1174.076697577098 13675.0685905058
 20.33422506409207 413.48070895715 8660.571872453009
 50.45576828460484 2545.784553189736 37706.12542445484
 0.5609483436766971 0.3146630442736299 -2024.669505590988
 12.83627325649554 164.7699111154226 5592.963555726772
 27.00778346664785 729.4203677813372 10764.094986136
 4.303592089895074 18.52090487620745 -2791.214949780582
 73.46847351148355 5397.61660010756 83454.02532484102
 77.47946319166687 6003.06721646886 86830.15144353302
 76.90665739522751 5914.633951706903 89093.10096707997
 46.17625119855465 2132.246174752019 33818.48574834381
 56.25247591298115 3164.341046340524 50699.52575249089
 29.51330172386131 871.0349786436752 14803.22185753773
 47.06075257046817 2214.714432498827 33564.33703297995
 84.22119169774552 7093.2091309884 106348.0423887098
 2.673600455258089 7.148139394356263 1853.536090692304
 75.70931762357812 5731.900775027836 82704.39646597912
 49.28606497662138 2429.116200879744 34469.06845730561
 28.31212798286401 801.576590918071 13627.07179921978
 61.85241158605458 3825.720819010699 58503.56409095866
 22.9756379909347 527.8799410904819 5203.355342357485
 99.58014252983681 9916.204786262613 145447.9135410803
 93.35480554066208 8715.119717534832 123755.6551257674
 56.93838405645295 3241.979578960136 50133.82464605055
 95.32833526411569 9087.491504227644 135910.0128082288
 93.04277957187001 8656.958830459593 130014.5838542375
 13.6652946660874 186.7402783109966 4324.784216853173
 9.872408420019456 97.46444801167105 700.5279311616055
 0.6771647327868324 0.4585520753302622 1870.24282984068
 20.98750849295547 440.475512741878 4052.361685818683
 84.93083240624163 7213.246293217104 102495.2730229112
 20.615275111891 424.9895679389526 5424.417717197241
 14.14599870175065 200.109279269931 7180.486982644041
 62.53027704566734 3910.035547407912 54105.14856962217
 18.42966614003338 339.6525940330928 7074.243262904699
 87.8553239864298 7718.557952760547 112613.3091711506
 95.99571498105284 9215.177294723533 130538.6229822524
 43.00592736899977 1849.509788867683 23781.30550967233
 72.83847792545896 5305.443866497572 75147.25273592681
 6.939965113140493 48.16311577160714 -2839.961831800658
 92.81856001511611 8615.28508327971 124538.7662691047
 91.31652315342042 8338.707400829167 125038.875538208
 53.90726961369848 2905.993717203979 40312.67706018408
 1.826284019612083 3.335313320290468 -4873.887679309515
 22.37894897007641 500.8173570052841 2218.94723970306
 34.78660325796724 1210.107766227217 19724.72551213188
 84.37829179687867 7119.696126559203 101259.6806599553
 63.67606113034784 4054.640761075795 58190.02327430744
 43.47737123180335 1890.281809228041 29539.77723289566
 25.64198898401344 657.5115990562665 13325.78940414764
 37.73235898300655 1423.730914422475 21969.93749259917
 69.05541627368326 4768.650516731679 68346.50732349565
 23.70957537861282 562.1439646341232 12171.50380343824
 7.328608442596622 53.7085017048985 -2149.61541848969
 61.76299974475092 3814.668137470102 55824.31197838582
 59.93557649916043 3592.273330286712 54640.06415377562
 29.91647037962468 894.9951999749607 10258.37584051264
 63.64811012598353 4051.081922609327 56221.67308338185
 30.81437057476237 949.5254339187809 13180.58086920782
 65.22465476763107 4254.255589556657 64146.79877114033
 25.59549328704987 655.1292766074149 5891.497587146057
 28.56264920225258 815.8249294509401 7351.227534850287
 74.15523042274333 5498.998199050158 82504.93860654539
 9.984683974209245 99.69391406483093 -1809.67000717068
 79.93799962798758 6390.083784524142 97620.03575647957
 13.47432733601676 181.5574971581286 4953.011846201617
 91.37609133013721 8349.590066773577 126248.6551184611
 3.30403701549176 10.9166605997397 5026.852676446138
 34.17059128440768 1167.629308726038 20329.66588683986
 9.272086697843278 85.97159173232227 553.2937796334269
